{
  "metadata": {
    "kernelspec": {
      "name": "python",
      "display_name": "Python (Pyodide)",
      "language": "python"
    },
    "language_info": {
      "codemirror_mode": {
        "name": "python",
        "version": 3
      },
      "file_extension": ".py",
      "mimetype": "text/x-python",
      "name": "python",
      "nbconvert_exporter": "python",
      "pygments_lexer": "ipython3",
      "version": "3.8"
    }
  },
  "nbformat_minor": 5,
  "nbformat": 4,
  "cells": [
    {
      "id": "4ec0574c-7290-46b5-9aab-eca549bebcf9",
      "cell_type": "markdown",
      "source": "# Лабораторная работа №1\n## Выполнила студентка группы БПИ2301 Орлова Владислава\n### Задание №1\n",
      "metadata": {}
    },
    {
      "id": "a912d07c-75ee-44f7-9d50-f6ead9e03fb0",
      "cell_type": "code",
      "source": "print(\"Hello, World!\")\n",
      "metadata": {
        "trusted": true
      },
      "outputs": [
        {
          "name": "stdout",
          "output_type": "stream",
          "text": "Hello, World!\n"
        }
      ],
      "execution_count": 2
    },
    {
      "id": "ab45e521-82f5-4672-a029-710bd37fa664",
      "cell_type": "markdown",
      "source": "### Задание №2\nНаписать генератор случайных матриц(многомерных), который принимает\nопциональные параметры m, n, min_limit, max_limit, где m и n указывают размер\nматрицы, а min_lim и max_lim - минимальное и максимальное значение для\nгенерируемого числа . По умолчанию при отсутствии параметров принимать следующие\nзначения:\nm = 50\nn = 50\nmin_limit = -250\nmax_limit = 1000 + (номер своего варианта)",
      "metadata": {}
    },
    {
      "id": "ed5bd0df-20c1-4ffb-a20e-21220152798b",
      "cell_type": "code",
      "source": "import random\nimport time\n\ndef make_matrix(rows=50, cols=50, min_val=-250, max_val=1021):\n    matrix = []\n    for i in range(rows):\n        row = []\n        for j in range(cols):\n            random_number = random.randint(min_val, max_val)\n            row.append(random_number)\n        matrix.append(row)\n    return matrix\nmy_matrix = make_matrix(rows=20, cols=20)\nfor row in my_matrix:\n    print(row)\n",
      "metadata": {
        "trusted": true
      },
      "outputs": [
        {
          "name": "stdout",
          "output_type": "stream",
          "text": "[697, 670, 554, 693, 190, 188, 361, 642, 810, 924, 893, 330, 650, 108, 562, 345, 784, 693, 415, 794]\n[533, 335, 744, 72, 895, -175, 656, 219, 967, 970, 24, -136, -241, -204, 115, -195, 206, -242, 423, 532]\n[-46, 19, 194, 853, 280, 919, -66, 356, -154, 38, -79, -145, -78, -144, 618, 124, 469, 209, 976, -90]\n[650, 612, 507, -125, 71, 122, 41, 977, 448, 100, 602, -131, 15, -23, 155, 376, -6, 238, 577, 91]\n[-247, -73, -32, -118, 10, 862, -234, 419, -14, 146, -235, 1015, 282, 464, 136, 502, 294, 458, 241, -186]\n[50, 997, 472, -97, 358, 855, 478, 94, 1011, 436, 853, 771, 439, 905, 461, 360, 762, -54, 423, 613]\n[377, 905, 778, 496, 807, 758, 14, 463, 406, 482, 549, 736, 471, 121, 889, 504, 714, -105, 284, 337]\n[222, 486, 868, -3, 171, 192, 213, 511, -208, 274, 286, 923, 419, 919, 629, 587, 992, 144, 102, 194]\n[261, 418, 514, -169, 382, 680, 693, 1000, 963, 501, 544, -125, 235, 938, 692, 660, -102, 127, 14, 737]\n[724, 766, 947, 718, -161, 266, 38, 596, 241, -94, 690, 567, 766, 63, -87, 556, 8, 920, 615, -102]\n[827, 813, 318, 222, 114, -74, 620, 876, 873, 938, 614, -246, 621, 513, -127, -44, 577, -194, 678, 1010]\n[910, 94, 48, 565, 654, 263, -156, -240, 634, 158, -86, 299, -173, 364, 137, 91, 678, -133, 219, 554]\n[815, 428, 369, 637, -62, -250, 588, 994, 856, 816, -103, 798, 843, 488, 997, 448, 183, 489, 216, 254]\n[-65, -91, -115, 761, 140, 957, -216, 1, 272, 102, 363, 119, -49, -190, -99, 223, 1008, 518, 186, 289]\n[714, 317, 189, 984, -48, 60, 663, 760, 592, 165, 981, -95, 581, -129, 513, 592, 603, -213, 181, 62]\n[38, 1012, -212, -244, -127, 740, 500, 963, 254, 889, 784, 771, 895, 595, 200, 1002, 458, -206, 125, 203]\n[431, 213, 320, 231, 72, 570, 547, -30, -40, 921, -203, 349, 170, -113, 301, 553, -166, 610, -132, 756]\n[-137, 910, -52, 158, 654, 250, 579, -7, 836, 234, 645, -205, 159, 776, 987, 390, 551, 136, -36, 195]\n[264, 310, 313, 293, 229, 710, 193, -237, 616, 981, 318, -89, 324, 4, 328, 78, 922, 352, 195, 797]\n[431, -119, -192, 173, -226, -128, 401, -33, -211, 475, 687, 414, -97, 445, 880, 45, 692, 977, 169, 887]\n"
        }
      ],
      "execution_count": 3
    },
    {
      "id": "6db3fb53-ec74-4f1e-ada7-890b3b066d45",
      "cell_type": "markdown",
      "source": "### Задание №3\nРеализовать методы сортировки строк числовой матрицы в соответствии с\nзаданием. Оценить время работы каждого алгоритма сортировки и сравнить его со\nвременем стандартной функции сортировки. Испытания проводить на сгенерированных\nматрицах\n",
      "metadata": {}
    },
    {
      "id": "14491b5a-c9a0-4164-9523-9fb72471bd85",
      "cell_type": "code",
      "source": "import timeit\nimport random\n\ndef selection_sort_matrix(matrix):\n    for row in matrix:\n        for i in range(len(row)):\n            min_index = i\n            for j in range(i + 1, len(row)):\n                if row[j] < row[min_index]:\n                    min_index = j\n            row[i], row[min_index] = row[min_index], row[i]\ntime = timeit.timeit(lambda: selection_sort_matrix(my_matrix), number=1)\nprint(f\"Время выполнения: {time} секунд\")\nfor row in my_matrix:\n     print(row)\n",
      "metadata": {
        "trusted": true
      },
      "outputs": [
        {
          "name": "stdout",
          "output_type": "stream",
          "text": "Время выполнения: 0.0009000000000014552 секунд\n[108, 188, 190, 330, 345, 361, 415, 554, 562, 642, 650, 670, 693, 693, 697, 784, 794, 810, 893, 924]\n[-242, -241, -204, -195, -175, -136, 24, 72, 115, 206, 219, 335, 423, 532, 533, 656, 744, 895, 967, 970]\n[-154, -145, -144, -90, -79, -78, -66, -46, 19, 38, 124, 194, 209, 280, 356, 469, 618, 853, 919, 976]\n[-131, -125, -23, -6, 15, 41, 71, 91, 100, 122, 155, 238, 376, 448, 507, 577, 602, 612, 650, 977]\n[-247, -235, -234, -186, -118, -73, -32, -14, 10, 136, 146, 241, 282, 294, 419, 458, 464, 502, 862, 1015]\n[-97, -54, 50, 94, 358, 360, 423, 436, 439, 461, 472, 478, 613, 762, 771, 853, 855, 905, 997, 1011]\n[-105, 14, 121, 284, 337, 377, 406, 463, 471, 482, 496, 504, 549, 714, 736, 758, 778, 807, 889, 905]\n[-208, -3, 102, 144, 171, 192, 194, 213, 222, 274, 286, 419, 486, 511, 587, 629, 868, 919, 923, 992]\n[-169, -125, -102, 14, 127, 235, 261, 382, 418, 501, 514, 544, 660, 680, 692, 693, 737, 938, 963, 1000]\n[-161, -102, -94, -87, 8, 38, 63, 241, 266, 556, 567, 596, 615, 690, 718, 724, 766, 766, 920, 947]\n[-246, -194, -127, -74, -44, 114, 222, 318, 513, 577, 614, 620, 621, 678, 813, 827, 873, 876, 938, 1010]\n[-240, -173, -156, -133, -86, 48, 91, 94, 137, 158, 219, 263, 299, 364, 554, 565, 634, 654, 678, 910]\n[-250, -103, -62, 183, 216, 254, 369, 428, 448, 488, 489, 588, 637, 798, 815, 816, 843, 856, 994, 997]\n[-216, -190, -115, -99, -91, -65, -49, 1, 102, 119, 140, 186, 223, 272, 289, 363, 518, 761, 957, 1008]\n[-213, -129, -95, -48, 60, 62, 165, 181, 189, 317, 513, 581, 592, 592, 603, 663, 714, 760, 981, 984]\n[-244, -212, -206, -127, 38, 125, 200, 203, 254, 458, 500, 595, 740, 771, 784, 889, 895, 963, 1002, 1012]\n[-203, -166, -132, -113, -40, -30, 72, 170, 213, 231, 301, 320, 349, 431, 547, 553, 570, 610, 756, 921]\n[-205, -137, -52, -36, -7, 136, 158, 159, 195, 234, 250, 390, 551, 579, 645, 654, 776, 836, 910, 987]\n[-237, -89, 4, 78, 193, 195, 229, 264, 293, 310, 313, 318, 324, 328, 352, 616, 710, 797, 922, 981]\n[-226, -211, -192, -128, -119, -97, -33, 45, 169, 173, 401, 414, 431, 445, 475, 687, 692, 880, 887, 977]\n"
        }
      ],
      "execution_count": 4
    },
    {
      "id": "dbc4dba7-67ca-4c22-b7a0-19e1479fb1c5",
      "cell_type": "code",
      "source": "def insertion_sort_row(arr):\n    for i in range(1, len(arr)):\n        key = arr[i]\n        j = i - 1\n        while j >= 0 and key < arr[j]:\n            arr[j + 1] = arr[j]\n            j -= 1\n        arr[j + 1] = key\ndef sort_matrix_insertion(matrix):\n    for row in matrix:\n        insertion_sort_row(row)\ntime = timeit.timeit(lambda: sort_matrix_insertion(my_matrix), number=1)\nprint(f\"Время выполнения: {time} секунд\")\nfor row in my_matrix:\n     print(row)",
      "metadata": {
        "trusted": true
      },
      "outputs": [
        {
          "name": "stdout",
          "output_type": "stream",
          "text": "Время выполнения: 0.00010000000000331966 секунд\n[108, 188, 190, 330, 345, 361, 415, 554, 562, 642, 650, 670, 693, 693, 697, 784, 794, 810, 893, 924]\n[-242, -241, -204, -195, -175, -136, 24, 72, 115, 206, 219, 335, 423, 532, 533, 656, 744, 895, 967, 970]\n[-154, -145, -144, -90, -79, -78, -66, -46, 19, 38, 124, 194, 209, 280, 356, 469, 618, 853, 919, 976]\n[-131, -125, -23, -6, 15, 41, 71, 91, 100, 122, 155, 238, 376, 448, 507, 577, 602, 612, 650, 977]\n[-247, -235, -234, -186, -118, -73, -32, -14, 10, 136, 146, 241, 282, 294, 419, 458, 464, 502, 862, 1015]\n[-97, -54, 50, 94, 358, 360, 423, 436, 439, 461, 472, 478, 613, 762, 771, 853, 855, 905, 997, 1011]\n[-105, 14, 121, 284, 337, 377, 406, 463, 471, 482, 496, 504, 549, 714, 736, 758, 778, 807, 889, 905]\n[-208, -3, 102, 144, 171, 192, 194, 213, 222, 274, 286, 419, 486, 511, 587, 629, 868, 919, 923, 992]\n[-169, -125, -102, 14, 127, 235, 261, 382, 418, 501, 514, 544, 660, 680, 692, 693, 737, 938, 963, 1000]\n[-161, -102, -94, -87, 8, 38, 63, 241, 266, 556, 567, 596, 615, 690, 718, 724, 766, 766, 920, 947]\n[-246, -194, -127, -74, -44, 114, 222, 318, 513, 577, 614, 620, 621, 678, 813, 827, 873, 876, 938, 1010]\n[-240, -173, -156, -133, -86, 48, 91, 94, 137, 158, 219, 263, 299, 364, 554, 565, 634, 654, 678, 910]\n[-250, -103, -62, 183, 216, 254, 369, 428, 448, 488, 489, 588, 637, 798, 815, 816, 843, 856, 994, 997]\n[-216, -190, -115, -99, -91, -65, -49, 1, 102, 119, 140, 186, 223, 272, 289, 363, 518, 761, 957, 1008]\n[-213, -129, -95, -48, 60, 62, 165, 181, 189, 317, 513, 581, 592, 592, 603, 663, 714, 760, 981, 984]\n[-244, -212, -206, -127, 38, 125, 200, 203, 254, 458, 500, 595, 740, 771, 784, 889, 895, 963, 1002, 1012]\n[-203, -166, -132, -113, -40, -30, 72, 170, 213, 231, 301, 320, 349, 431, 547, 553, 570, 610, 756, 921]\n[-205, -137, -52, -36, -7, 136, 158, 159, 195, 234, 250, 390, 551, 579, 645, 654, 776, 836, 910, 987]\n[-237, -89, 4, 78, 193, 195, 229, 264, 293, 310, 313, 318, 324, 328, 352, 616, 710, 797, 922, 981]\n[-226, -211, -192, -128, -119, -97, -33, 45, 169, 173, 401, 414, 431, 445, 475, 687, 692, 880, 887, 977]\n"
        }
      ],
      "execution_count": 5
    },
    {
      "id": "a3ea8f49-bb9a-469a-834a-96711c7c91bc",
      "cell_type": "code",
      "source": "def bubble_sort_row(row):\n    n = len(row)\n    for i in range(n - 1):\n        for j in range(n - 1 - i):\n            if row[j] > row[j + 1]:\n                row[j], row[j + 1] = row[j + 1], row[j]\n\ndef sort_matrix_bubbles(matrix):\n    for row in matrix:\n        bubble_sort_row(row)\ntime = timeit.timeit(lambda: sort_matrix_bubbles(my_matrix), number=1)\nprint(f\"Время выполнения: {time} секунд\")\nfor row in my_matrix:\n     print(row)",
      "metadata": {
        "trusted": true
      },
      "outputs": [
        {
          "name": "stdout",
          "output_type": "stream",
          "text": "Время выполнения: 0.00039999999999906777 секунд\n[108, 188, 190, 330, 345, 361, 415, 554, 562, 642, 650, 670, 693, 693, 697, 784, 794, 810, 893, 924]\n[-242, -241, -204, -195, -175, -136, 24, 72, 115, 206, 219, 335, 423, 532, 533, 656, 744, 895, 967, 970]\n[-154, -145, -144, -90, -79, -78, -66, -46, 19, 38, 124, 194, 209, 280, 356, 469, 618, 853, 919, 976]\n[-131, -125, -23, -6, 15, 41, 71, 91, 100, 122, 155, 238, 376, 448, 507, 577, 602, 612, 650, 977]\n[-247, -235, -234, -186, -118, -73, -32, -14, 10, 136, 146, 241, 282, 294, 419, 458, 464, 502, 862, 1015]\n[-97, -54, 50, 94, 358, 360, 423, 436, 439, 461, 472, 478, 613, 762, 771, 853, 855, 905, 997, 1011]\n[-105, 14, 121, 284, 337, 377, 406, 463, 471, 482, 496, 504, 549, 714, 736, 758, 778, 807, 889, 905]\n[-208, -3, 102, 144, 171, 192, 194, 213, 222, 274, 286, 419, 486, 511, 587, 629, 868, 919, 923, 992]\n[-169, -125, -102, 14, 127, 235, 261, 382, 418, 501, 514, 544, 660, 680, 692, 693, 737, 938, 963, 1000]\n[-161, -102, -94, -87, 8, 38, 63, 241, 266, 556, 567, 596, 615, 690, 718, 724, 766, 766, 920, 947]\n[-246, -194, -127, -74, -44, 114, 222, 318, 513, 577, 614, 620, 621, 678, 813, 827, 873, 876, 938, 1010]\n[-240, -173, -156, -133, -86, 48, 91, 94, 137, 158, 219, 263, 299, 364, 554, 565, 634, 654, 678, 910]\n[-250, -103, -62, 183, 216, 254, 369, 428, 448, 488, 489, 588, 637, 798, 815, 816, 843, 856, 994, 997]\n[-216, -190, -115, -99, -91, -65, -49, 1, 102, 119, 140, 186, 223, 272, 289, 363, 518, 761, 957, 1008]\n[-213, -129, -95, -48, 60, 62, 165, 181, 189, 317, 513, 581, 592, 592, 603, 663, 714, 760, 981, 984]\n[-244, -212, -206, -127, 38, 125, 200, 203, 254, 458, 500, 595, 740, 771, 784, 889, 895, 963, 1002, 1012]\n[-203, -166, -132, -113, -40, -30, 72, 170, 213, 231, 301, 320, 349, 431, 547, 553, 570, 610, 756, 921]\n[-205, -137, -52, -36, -7, 136, 158, 159, 195, 234, 250, 390, 551, 579, 645, 654, 776, 836, 910, 987]\n[-237, -89, 4, 78, 193, 195, 229, 264, 293, 310, 313, 318, 324, 328, 352, 616, 710, 797, 922, 981]\n[-226, -211, -192, -128, -119, -97, -33, 45, 169, 173, 401, 414, 431, 445, 475, 687, 692, 880, 887, 977]\n"
        }
      ],
      "execution_count": 6
    },
    {
      "id": "97910588-527e-4eb2-9acf-9a5c1496b88c",
      "cell_type": "code",
      "source": "def shell_sort_row(row):\n    n = len(row)\n    gap = n // 2 #=1\n    # while gap < n // 3:\n        # gap = gap * 3 + 1\n    while gap > 0:\n        for i in range(gap, n):\n            temp = row[i]\n            j = i\n            while j >= gap and row[j - gap] > temp:\n                row[j] = row[j - gap]\n                j -= gap\n            row[j] = temp\n        gap //= 2 #//=3\n\ndef sort_matrix_shell(matrix):\n    for row in matrix:\n        shell_sort_row(row)\ntime = timeit.timeit(lambda: sort_matrix_shell(my_matrix), number=1)\nprint(f\"Время выполнения: {time} секунд\")\nfor row in my_matrix:\n     print(row)",
      "metadata": {
        "trusted": true
      },
      "outputs": [
        {
          "name": "stdout",
          "output_type": "stream",
          "text": "Время выполнения: 0.0005999999999986017 секунд\n[108, 188, 190, 330, 345, 361, 415, 554, 562, 642, 650, 670, 693, 693, 697, 784, 794, 810, 893, 924]\n[-242, -241, -204, -195, -175, -136, 24, 72, 115, 206, 219, 335, 423, 532, 533, 656, 744, 895, 967, 970]\n[-154, -145, -144, -90, -79, -78, -66, -46, 19, 38, 124, 194, 209, 280, 356, 469, 618, 853, 919, 976]\n[-131, -125, -23, -6, 15, 41, 71, 91, 100, 122, 155, 238, 376, 448, 507, 577, 602, 612, 650, 977]\n[-247, -235, -234, -186, -118, -73, -32, -14, 10, 136, 146, 241, 282, 294, 419, 458, 464, 502, 862, 1015]\n[-97, -54, 50, 94, 358, 360, 423, 436, 439, 461, 472, 478, 613, 762, 771, 853, 855, 905, 997, 1011]\n[-105, 14, 121, 284, 337, 377, 406, 463, 471, 482, 496, 504, 549, 714, 736, 758, 778, 807, 889, 905]\n[-208, -3, 102, 144, 171, 192, 194, 213, 222, 274, 286, 419, 486, 511, 587, 629, 868, 919, 923, 992]\n[-169, -125, -102, 14, 127, 235, 261, 382, 418, 501, 514, 544, 660, 680, 692, 693, 737, 938, 963, 1000]\n[-161, -102, -94, -87, 8, 38, 63, 241, 266, 556, 567, 596, 615, 690, 718, 724, 766, 766, 920, 947]\n[-246, -194, -127, -74, -44, 114, 222, 318, 513, 577, 614, 620, 621, 678, 813, 827, 873, 876, 938, 1010]\n[-240, -173, -156, -133, -86, 48, 91, 94, 137, 158, 219, 263, 299, 364, 554, 565, 634, 654, 678, 910]\n[-250, -103, -62, 183, 216, 254, 369, 428, 448, 488, 489, 588, 637, 798, 815, 816, 843, 856, 994, 997]\n[-216, -190, -115, -99, -91, -65, -49, 1, 102, 119, 140, 186, 223, 272, 289, 363, 518, 761, 957, 1008]\n[-213, -129, -95, -48, 60, 62, 165, 181, 189, 317, 513, 581, 592, 592, 603, 663, 714, 760, 981, 984]\n[-244, -212, -206, -127, 38, 125, 200, 203, 254, 458, 500, 595, 740, 771, 784, 889, 895, 963, 1002, 1012]\n[-203, -166, -132, -113, -40, -30, 72, 170, 213, 231, 301, 320, 349, 431, 547, 553, 570, 610, 756, 921]\n[-205, -137, -52, -36, -7, 136, 158, 159, 195, 234, 250, 390, 551, 579, 645, 654, 776, 836, 910, 987]\n[-237, -89, 4, 78, 193, 195, 229, 264, 293, 310, 313, 318, 324, 328, 352, 616, 710, 797, 922, 981]\n[-226, -211, -192, -128, -119, -97, -33, 45, 169, 173, 401, 414, 431, 445, 475, 687, 692, 880, 887, 977]\n"
        }
      ],
      "execution_count": 7
    },
    {
      "id": "4d02095f-3d05-4961-9544-746f52632a4d",
      "cell_type": "code",
      "source": "def tournament_sort(arr):\n    def tournament_helper(start, end):\n        if start == end:\n            return [arr[start]]\n        mid = (start + end) // 2\n        left_half = tournament_helper(start, mid)\n        right_half = tournament_helper(mid + 1, end)\n        return merge(left_half, right_half)\n\n    def merge(left, right):\n        result = []\n        while left and right:\n            if left[0] < right[0]:\n                result.append(left.pop(0))\n            else:\n                result.append(right.pop(0))\n        result.extend(left or right)\n        return result\n\n    return tournament_helper(0, len(arr) - 1)\ndef sort_matrix_tournament(matrix):\n    for row in matrix:\n        tournament_sort(row)\ntime = timeit.timeit(lambda: sort_matrix_tournament(my_matrix), number=1)\nprint(f\"Время выполнения: {time} секунд\")\nfor row in my_matrix:\n     print(row)",
      "metadata": {
        "trusted": true
      },
      "outputs": [
        {
          "name": "stdout",
          "output_type": "stream",
          "text": "Время выполнения: 0.0016999999999995907 секунд\n[108, 188, 190, 330, 345, 361, 415, 554, 562, 642, 650, 670, 693, 693, 697, 784, 794, 810, 893, 924]\n[-242, -241, -204, -195, -175, -136, 24, 72, 115, 206, 219, 335, 423, 532, 533, 656, 744, 895, 967, 970]\n[-154, -145, -144, -90, -79, -78, -66, -46, 19, 38, 124, 194, 209, 280, 356, 469, 618, 853, 919, 976]\n[-131, -125, -23, -6, 15, 41, 71, 91, 100, 122, 155, 238, 376, 448, 507, 577, 602, 612, 650, 977]\n[-247, -235, -234, -186, -118, -73, -32, -14, 10, 136, 146, 241, 282, 294, 419, 458, 464, 502, 862, 1015]\n[-97, -54, 50, 94, 358, 360, 423, 436, 439, 461, 472, 478, 613, 762, 771, 853, 855, 905, 997, 1011]\n[-105, 14, 121, 284, 337, 377, 406, 463, 471, 482, 496, 504, 549, 714, 736, 758, 778, 807, 889, 905]\n[-208, -3, 102, 144, 171, 192, 194, 213, 222, 274, 286, 419, 486, 511, 587, 629, 868, 919, 923, 992]\n[-169, -125, -102, 14, 127, 235, 261, 382, 418, 501, 514, 544, 660, 680, 692, 693, 737, 938, 963, 1000]\n[-161, -102, -94, -87, 8, 38, 63, 241, 266, 556, 567, 596, 615, 690, 718, 724, 766, 766, 920, 947]\n[-246, -194, -127, -74, -44, 114, 222, 318, 513, 577, 614, 620, 621, 678, 813, 827, 873, 876, 938, 1010]\n[-240, -173, -156, -133, -86, 48, 91, 94, 137, 158, 219, 263, 299, 364, 554, 565, 634, 654, 678, 910]\n[-250, -103, -62, 183, 216, 254, 369, 428, 448, 488, 489, 588, 637, 798, 815, 816, 843, 856, 994, 997]\n[-216, -190, -115, -99, -91, -65, -49, 1, 102, 119, 140, 186, 223, 272, 289, 363, 518, 761, 957, 1008]\n[-213, -129, -95, -48, 60, 62, 165, 181, 189, 317, 513, 581, 592, 592, 603, 663, 714, 760, 981, 984]\n[-244, -212, -206, -127, 38, 125, 200, 203, 254, 458, 500, 595, 740, 771, 784, 889, 895, 963, 1002, 1012]\n[-203, -166, -132, -113, -40, -30, 72, 170, 213, 231, 301, 320, 349, 431, 547, 553, 570, 610, 756, 921]\n[-205, -137, -52, -36, -7, 136, 158, 159, 195, 234, 250, 390, 551, 579, 645, 654, 776, 836, 910, 987]\n[-237, -89, 4, 78, 193, 195, 229, 264, 293, 310, 313, 318, 324, 328, 352, 616, 710, 797, 922, 981]\n[-226, -211, -192, -128, -119, -97, -33, 45, 169, 173, 401, 414, 431, 445, 475, 687, 692, 880, 887, 977]\n"
        }
      ],
      "execution_count": 8
    },
    {
      "id": "966b21ee-bc95-47bf-b9e3-a2f7b9036e49",
      "cell_type": "code",
      "source": "def quick_sort(arr):\n    if len(arr) <= 1:\n        return arr\n    pivot = arr[len(arr) // 2]\n    left = [] #<\n    middle = [] \n    right = [] #>\n    for x in arr:\n        if x < pivot:\n            left.append(x)\n        elif x == pivot:\n            middle.append(x)\n        else:\n            right.append(x)\n    return quick_sort(left) + middle + quick_sort(right)\n    \ndef sort_matrix_quick(matrix):\n    for i in range(len(matrix)):\n        matrix[i] = quick_sort(matrix[i]) \ntime = timeit.timeit(lambda: sort_matrix_quick(my_matrix), number=1)\nprint(f\"Время выполнения: {time} секунд\")\nfor row in my_matrix:\n     print(row)",
      "metadata": {
        "trusted": true
      },
      "outputs": [
        {
          "name": "stdout",
          "output_type": "stream",
          "text": "Время выполнения: 0.0007000000000516593 секунд\n[108, 188, 190, 330, 345, 361, 415, 554, 562, 642, 650, 670, 693, 693, 697, 784, 794, 810, 893, 924]\n[-242, -241, -204, -195, -175, -136, 24, 72, 115, 206, 219, 335, 423, 532, 533, 656, 744, 895, 967, 970]\n[-154, -145, -144, -90, -79, -78, -66, -46, 19, 38, 124, 194, 209, 280, 356, 469, 618, 853, 919, 976]\n[-131, -125, -23, -6, 15, 41, 71, 91, 100, 122, 155, 238, 376, 448, 507, 577, 602, 612, 650, 977]\n[-247, -235, -234, -186, -118, -73, -32, -14, 10, 136, 146, 241, 282, 294, 419, 458, 464, 502, 862, 1015]\n[-97, -54, 50, 94, 358, 360, 423, 436, 439, 461, 472, 478, 613, 762, 771, 853, 855, 905, 997, 1011]\n[-105, 14, 121, 284, 337, 377, 406, 463, 471, 482, 496, 504, 549, 714, 736, 758, 778, 807, 889, 905]\n[-208, -3, 102, 144, 171, 192, 194, 213, 222, 274, 286, 419, 486, 511, 587, 629, 868, 919, 923, 992]\n[-169, -125, -102, 14, 127, 235, 261, 382, 418, 501, 514, 544, 660, 680, 692, 693, 737, 938, 963, 1000]\n[-161, -102, -94, -87, 8, 38, 63, 241, 266, 556, 567, 596, 615, 690, 718, 724, 766, 766, 920, 947]\n[-246, -194, -127, -74, -44, 114, 222, 318, 513, 577, 614, 620, 621, 678, 813, 827, 873, 876, 938, 1010]\n[-240, -173, -156, -133, -86, 48, 91, 94, 137, 158, 219, 263, 299, 364, 554, 565, 634, 654, 678, 910]\n[-250, -103, -62, 183, 216, 254, 369, 428, 448, 488, 489, 588, 637, 798, 815, 816, 843, 856, 994, 997]\n[-216, -190, -115, -99, -91, -65, -49, 1, 102, 119, 140, 186, 223, 272, 289, 363, 518, 761, 957, 1008]\n[-213, -129, -95, -48, 60, 62, 165, 181, 189, 317, 513, 581, 592, 592, 603, 663, 714, 760, 981, 984]\n[-244, -212, -206, -127, 38, 125, 200, 203, 254, 458, 500, 595, 740, 771, 784, 889, 895, 963, 1002, 1012]\n[-203, -166, -132, -113, -40, -30, 72, 170, 213, 231, 301, 320, 349, 431, 547, 553, 570, 610, 756, 921]\n[-205, -137, -52, -36, -7, 136, 158, 159, 195, 234, 250, 390, 551, 579, 645, 654, 776, 836, 910, 987]\n[-237, -89, 4, 78, 193, 195, 229, 264, 293, 310, 313, 318, 324, 328, 352, 616, 710, 797, 922, 981]\n[-226, -211, -192, -128, -119, -97, -33, 45, 169, 173, 401, 414, 431, 445, 475, 687, 692, 880, 887, 977]\n"
        }
      ],
      "execution_count": 15
    },
    {
      "id": "24d2809b-ace7-4f3e-8b47-5ab3abda5be3",
      "cell_type": "code",
      "source": "def heap_sort_row(arr, n, i):\n    largest = i #нулевой\n    left = 2 * i + 1\n    right = 2 * i + 2\n\n    if left < n and arr[left] > arr[largest]:\n        largest = left\n\n    if right < n and arr[right] > arr[largest]:\n        largest = right\n\n    if largest != i:\n        arr[i], arr[largest] = arr[largest], arr[i]\n        heap_sort_row(arr, n, largest)\n\ndef heap_sort(arr):\n    n = len(arr)\n    for i in range(n // 2 - 1, -1, -1): #первая куча\n        heap_sort_row(arr, n, i)\n\n    for i in range(n-1, 0, -1):\n        arr[i], arr[0] = arr[0], arr[i]\n        heap_sort_row(arr, i, 0)\ndef sort_matrix_heap(matrix):\n    for i in range(len(matrix)):\n       heap_sort(matrix[i])\ntime = timeit.timeit(lambda: sort_matrix_heap(my_matrix), number=1)\nprint(f\"Время выполнения: {time} секунд\")\nfor row in my_matrix:\n     print(row)",
      "metadata": {
        "trusted": true
      },
      "outputs": [
        {
          "name": "stdout",
          "output_type": "stream",
          "text": "Время выполнения: 0.0010000000002037268 секунд\n[108, 188, 190, 330, 345, 361, 415, 554, 562, 642, 650, 670, 693, 693, 697, 784, 794, 810, 893, 924]\n[-242, -241, -204, -195, -175, -136, 24, 72, 115, 206, 219, 335, 423, 532, 533, 656, 744, 895, 967, 970]\n[-154, -145, -144, -90, -79, -78, -66, -46, 19, 38, 124, 194, 209, 280, 356, 469, 618, 853, 919, 976]\n[-131, -125, -23, -6, 15, 41, 71, 91, 100, 122, 155, 238, 376, 448, 507, 577, 602, 612, 650, 977]\n[-247, -235, -234, -186, -118, -73, -32, -14, 10, 136, 146, 241, 282, 294, 419, 458, 464, 502, 862, 1015]\n[-97, -54, 50, 94, 358, 360, 423, 436, 439, 461, 472, 478, 613, 762, 771, 853, 855, 905, 997, 1011]\n[-105, 14, 121, 284, 337, 377, 406, 463, 471, 482, 496, 504, 549, 714, 736, 758, 778, 807, 889, 905]\n[-208, -3, 102, 144, 171, 192, 194, 213, 222, 274, 286, 419, 486, 511, 587, 629, 868, 919, 923, 992]\n[-169, -125, -102, 14, 127, 235, 261, 382, 418, 501, 514, 544, 660, 680, 692, 693, 737, 938, 963, 1000]\n[-161, -102, -94, -87, 8, 38, 63, 241, 266, 556, 567, 596, 615, 690, 718, 724, 766, 766, 920, 947]\n[-246, -194, -127, -74, -44, 114, 222, 318, 513, 577, 614, 620, 621, 678, 813, 827, 873, 876, 938, 1010]\n[-240, -173, -156, -133, -86, 48, 91, 94, 137, 158, 219, 263, 299, 364, 554, 565, 634, 654, 678, 910]\n[-250, -103, -62, 183, 216, 254, 369, 428, 448, 488, 489, 588, 637, 798, 815, 816, 843, 856, 994, 997]\n[-216, -190, -115, -99, -91, -65, -49, 1, 102, 119, 140, 186, 223, 272, 289, 363, 518, 761, 957, 1008]\n[-213, -129, -95, -48, 60, 62, 165, 181, 189, 317, 513, 581, 592, 592, 603, 663, 714, 760, 981, 984]\n[-244, -212, -206, -127, 38, 125, 200, 203, 254, 458, 500, 595, 740, 771, 784, 889, 895, 963, 1002, 1012]\n[-203, -166, -132, -113, -40, -30, 72, 170, 213, 231, 301, 320, 349, 431, 547, 553, 570, 610, 756, 921]\n[-205, -137, -52, -36, -7, 136, 158, 159, 195, 234, 250, 390, 551, 579, 645, 654, 776, 836, 910, 987]\n[-237, -89, 4, 78, 193, 195, 229, 264, 293, 310, 313, 318, 324, 328, 352, 616, 710, 797, 922, 981]\n[-226, -211, -192, -128, -119, -97, -33, 45, 169, 173, 401, 414, 431, 445, 475, 687, 692, 880, 887, 977]\n"
        }
      ],
      "execution_count": 17
    },
    {
      "id": "332fe8b7-6e4e-4bc9-850f-8fdd22dcd580",
      "cell_type": "code",
      "source": "def sort_matrix(matrix):\n    for i in range(len(matrix)):\n        matrix[i] = sorted(matrix[i])\nexecution_time = timeit.timeit(lambda: sort_matrix(my_matrix), number=1)\nprint(f\"Время выполнения: {execution_time:.6f} секунд\")\nfor one_row in my_matrix:\n    print(one_row)",
      "metadata": {
        "trusted": true
      },
      "outputs": [
        {
          "name": "stdout",
          "output_type": "stream",
          "text": "Время выполнения: 0.000000 секунд\n[108, 188, 190, 330, 345, 361, 415, 554, 562, 642, 650, 670, 693, 693, 697, 784, 794, 810, 893, 924]\n[-242, -241, -204, -195, -175, -136, 24, 72, 115, 206, 219, 335, 423, 532, 533, 656, 744, 895, 967, 970]\n[-154, -145, -144, -90, -79, -78, -66, -46, 19, 38, 124, 194, 209, 280, 356, 469, 618, 853, 919, 976]\n[-131, -125, -23, -6, 15, 41, 71, 91, 100, 122, 155, 238, 376, 448, 507, 577, 602, 612, 650, 977]\n[-247, -235, -234, -186, -118, -73, -32, -14, 10, 136, 146, 241, 282, 294, 419, 458, 464, 502, 862, 1015]\n[-97, -54, 50, 94, 358, 360, 423, 436, 439, 461, 472, 478, 613, 762, 771, 853, 855, 905, 997, 1011]\n[-105, 14, 121, 284, 337, 377, 406, 463, 471, 482, 496, 504, 549, 714, 736, 758, 778, 807, 889, 905]\n[-208, -3, 102, 144, 171, 192, 194, 213, 222, 274, 286, 419, 486, 511, 587, 629, 868, 919, 923, 992]\n[-169, -125, -102, 14, 127, 235, 261, 382, 418, 501, 514, 544, 660, 680, 692, 693, 737, 938, 963, 1000]\n[-161, -102, -94, -87, 8, 38, 63, 241, 266, 556, 567, 596, 615, 690, 718, 724, 766, 766, 920, 947]\n[-246, -194, -127, -74, -44, 114, 222, 318, 513, 577, 614, 620, 621, 678, 813, 827, 873, 876, 938, 1010]\n[-240, -173, -156, -133, -86, 48, 91, 94, 137, 158, 219, 263, 299, 364, 554, 565, 634, 654, 678, 910]\n[-250, -103, -62, 183, 216, 254, 369, 428, 448, 488, 489, 588, 637, 798, 815, 816, 843, 856, 994, 997]\n[-216, -190, -115, -99, -91, -65, -49, 1, 102, 119, 140, 186, 223, 272, 289, 363, 518, 761, 957, 1008]\n[-213, -129, -95, -48, 60, 62, 165, 181, 189, 317, 513, 581, 592, 592, 603, 663, 714, 760, 981, 984]\n[-244, -212, -206, -127, 38, 125, 200, 203, 254, 458, 500, 595, 740, 771, 784, 889, 895, 963, 1002, 1012]\n[-203, -166, -132, -113, -40, -30, 72, 170, 213, 231, 301, 320, 349, 431, 547, 553, 570, 610, 756, 921]\n[-205, -137, -52, -36, -7, 136, 158, 159, 195, 234, 250, 390, 551, 579, 645, 654, 776, 836, 910, 987]\n[-237, -89, 4, 78, 193, 195, 229, 264, 293, 310, 313, 318, 324, 328, 352, 616, 710, 797, 922, 981]\n[-226, -211, -192, -128, -119, -97, -33, 45, 169, 173, 401, 414, 431, 445, 475, 687, 692, 880, 887, 977]\n"
        }
      ],
      "execution_count": 11
    },
    {
      "id": "077cd1dc-47b8-4ed3-9fc0-732340c1ac2f",
      "cell_type": "code",
      "source": "",
      "metadata": {
        "trusted": true
      },
      "outputs": [],
      "execution_count": null
    }
  ]
}